7100
0131
0130
0207
0321
4201
0000
0400
4076
0400
4077
2076
4177
5477
6011
0277
6003
0207
6407
2476
4076
7101
0013
2476
4154
7707
0400
4077
2076
1577
6113
5477
6040
0277
6003
0207
6410
2476
4076
7101
0034
2177
7700
2077
7777
7101
0037
0037
0000
0000
0000
0000
0000
0000
0000
0000
0000
0000
0000
0000
1311
0163
0000
0077
2476
6571
7100
0131
4077
0130
0207
0320
4203
0301
4203
0020
2177
0020
4177
5477
3475
6506
0130
0207
0311
4202
0400
0010
7101
0000
0130
0207
0360
4201
0060
0400
4006
4326
4325
4314
4306
4300
4077
2177
5300
5477
3475
6504
2723
5300
0701
6427
0000
7101
0160
0000
0000
0000
0000
0000
